[NV items]
[Complete items - 3, Items size - 128]

08040 (0x1F68)   -   OK
40 6D 79 63 68 6F 69 63 65 77 69 72 65 6C 65 73  |  @mychoicewireles
73 2E 6E 65 74 00 00 00 00 00 00 00 00 00 00 00  |  s.net...........
00 00 00 00 00 00 00 00 00 00 00 00 00 00 00 00  |  ................
00 00 00 00 00 00 00 00 00 00 00 00 00 00 00 00  |  ................
00 00 00 00 00 00 00 00 00 00 00 00 00 00 00 00  |  ................
00 00 00 00 00 00 00 00 00 00 00 00 00 00 00 00  |  ................
00 00 00 00 00 00 00 00 00 00 00 00 00 00 00 00  |  ................
00 00 00 00 00 00 00 00 00 00 00 00 00 00 00 00  |  ................

08041 (0x1F69)   -   OK
40 73 70 2E 6D 79 63 68 6F 69 63 65 77 69 72 65  |  @sp.mychoicewire
6C 65 73 73 2E 6E 65 74 00 00 00 00 00 00 00 00  |  less.net........
00 00 00 00 00 00 00 00 00 00 00 00 00 00 00 00  |  ................
00 00 00 00 00 00 00 00 00 00 00 00 00 00 00 00  |  ................
00 00 00 00 00 00 00 00 00 00 00 00 00 00 00 00  |  ................
00 00 00 00 00 00 00 00 00 00 00 00 00 00 00 00  |  ................
00 00 00 00 00 00 00 00 00 00 00 00 00 00 00 00  |  ................
00 00 00 00 00 00 00 00 00 00 00 00 00 00 00 00  |  ................

08091 (0x1F9B)   -   OK
40 73 70 2E 6D 79 63 68 6F 69 63 65 77 69 72 65  |  @sp.mychoicewire
6C 65 73 73 2E 6E 65 74 00 00 00 00 00 00 00 00  |  less.net........
00 00 00 00 00 00 00 00 00 00 00 00 00 00 00 00  |  ................
00 00 00 00 00 00 00 00 00 00 00 00 00 00 00 00  |  ................
00 00 00 00 00 00 00 00 00 00 00 00 00 00 00 00  |  ................
00 00 00 00 00 00 00 00 00 00 00 00 00 00 00 00  |  ................
00 00 00 00 00 00 00 00 00 00 00 00 00 00 00 00  |  ................
00 00 00 00 00 00 00 00 00 00 00 00 00 00 00 00  |  ................