[NV items]
[Complete items - 7, Items size - 128]
 
00442 (0x01BA)   -   OK
00 FF 00 00 00 00 00 00 00 00 00 00 00 00 00 00  |  .ÿ..............
00 00 00 00 00 00 00 00 00 00 00 00 00 00 00 00  |  ................
00 00 00 00 00 00 00 00 00 00 00 00 00 00 00 00  |  ................
00 00 00 00 00 00 00 00 00 00 00 00 00 00 00 00  |  ................
00 00 00 00 00 00 00 00 00 00 00 00 00 00 00 00  |  ................
00 00 00 00 00 00 00 00 00 00 00 00 00 00 00 00  |  ................
00 00 00 00 00 00 00 00 00 00 00 00 00 00 00 00  |  ................
00 00 00 00 00 00 00 00 00 00 00 00 00 00 00 00  |  ................

06862 (0x1ACE)   -   OK
00 00 00 00 00 00 00 00 00 00 00 00 00 00 00 00  |  ................
00 00 00 00 00 00 00 00 00 00 00 00 00 00 00 00  |  ................
00 00 00 00 00 00 00 00 00 00 00 00 00 00 00 00  |  ................
00 00 00 00 00 00 00 00 00 00 00 00 00 00 00 00  |  ................
00 00 00 00 00 00 00 00 00 00 00 00 00 00 00 00  |  ................
00 00 00 00 00 00 00 00 00 00 00 00 00 00 00 00  |  ................
00 00 00 00 00 00 00 00 00 00 00 00 00 00 00 00  |  ................
00 00 00 00 00 00 00 00 00 00 00 00 00 00 00 00  |  ................

32776 (0x8008)   -   OK
01 00 01 00 01 00 01 00 00 00 00 00 00 00 00 00  |  ................
00 00 00 00 00 00 00 00 00 00 00 00 00 00 00 00  |  ................
00 00 00 00 00 00 00 00 00 00 00 00 00 00 00 00  |  ................
00 00 00 00 00 00 00 00 00 00 00 00 00 00 00 00  |  ................
00 00 00 00 00 00 00 00 00 00 00 00 00 00 00 00  |  ................
00 00 00 00 00 00 00 00 00 00 00 00 00 00 00 00  |  ................
00 00 00 00 00 00 00 00 00 00 00 00 00 00 00 00  |  ................
00 00 00 00 00 00 00 00 00 00 00 00 00 00 00 00  |  ................

32778 (0x800A)   -   OK
00 00 00 00 00 00 00 00 00 00 00 00 00 00 00 00  |  ................
00 00 00 00 00 00 00 00 00 00 00 00 00 00 00 00  |  ................
00 00 00 00 00 00 00 00 00 00 00 00 00 00 00 00  |  ................
00 00 00 00 00 00 00 00 00 00 00 00 00 00 00 00  |  ................
00 00 00 00 00 00 00 00 00 00 00 00 00 00 00 00  |  ................
00 00 00 00 00 00 00 00 00 00 00 00 00 00 00 00  |  ................
00 00 00 00 00 00 00 00 00 00 00 00 00 00 00 00  |  ................
00 00 00 00 00 00 00 00 00 00 00 00 00 00 00 00  |  ................

32784 (0x8010)   -   OK
68 74 74 70 3A 2F 2F 6D 6D 73 63 2E 63 63 63 6F  |  http://mmsc.ccco
6D 6D 2E 63 73 6B 79 2E 75 73 3A 36 36 37 32 00  |  mm.csky.us:6672.
00 00 00 00 00 00 00 00 00 00 00 00 00 00 00 00  |  ................
00 00 00 00 00 00 00 00 00 00 00 00 00 00 00 00  |  ................
00 00 00 00 00 00 00 00 00 00 00 00 00 00 00 00  |  ................
00 00 00 00 00 00 00 00 00 00 00 00 00 00 00 00  |  ................
00 00 00 00 00 00 00 00 00 00 00 00 00 00 00 00  |  ................
00 00 00 00 00 00 00 00 00 00 00 00 00 00 00 00  |  ................

32785 (0x8011)   -   OK
00 00 00 00 00 00 00 00 00 00 00 00 00 00 00 00  |  ................
00 00 00 00 00 00 00 00 00 00 00 00 00 00 00 00  |  ................
00 00 00 00 00 00 00 00 00 00 00 00 00 00 00 00  |  ................
00 00 00 00 00 00 00 00 00 00 00 00 00 00 00 00  |  ................
00 00 00 00 00 00 00 00 00 00 00 00 00 00 00 00  |  ................
00 00 00 00 00 00 00 00 00 00 00 00 00 00 00 00  |  ................
00 00 00 00 00 00 00 00 00 00 00 00 00 00 00 00  |  ................
00 00 00 00 00 00 00 00 00 00 00 00 00 00 00 00  |  ................

32786 (0x8012)   -   OK
00 00 00 00 00 00 00 00 00 00 00 00 00 00 00 00  |  ................
00 00 00 00 00 00 00 00 00 00 00 00 00 00 00 00  |  ................
00 00 00 00 00 00 00 00 00 00 00 00 00 00 00 00  |  ................
00 00 00 00 00 00 00 00 00 00 00 00 00 00 00 00  |  ................
00 00 00 00 00 00 00 00 00 00 00 00 00 00 00 00  |  ................
00 00 00 00 00 00 00 00 00 00 00 00 00 00 00 00  |  ................
00 00 00 00 00 00 00 00 00 00 00 00 00 00 00 00  |  ................
00 00 00 00 00 00 00 00 00 00 00 00 00 00 00 00  |  ................

32791 (0x8017)   -   OK
68 74 74 70 3A 2F 2F 6D 6D 73 63 2E 63 63 63 6F  |  http://mmsc.ccco
6D 6D 2E 63 73 6B 79 2E 75 73 3A 36 36 37 32 00  |  mm.csky.us:6672.
00 00 00 00 00 00 00 00 00 00 00 00 00 00 00 00  |  ................
00 00 00 00 00 00 00 00 00 00 00 00 00 00 00 00  |  ................
00 00 00 00 00 00 00 00 00 00 00 00 00 00 00 00  |  ................
00 00 00 00 00 00 00 00 00 00 00 00 00 00 00 00  |  ................
00 00 00 00 00 00 00 00 00 00 00 00 00 00 00 00  |  ................
00 00 00 00 00 00 00 00 00 00 00 00 00 00 00 00  |  ................