[NV items]
[Complete items - 2, Items size - 128]

00855 (0x0357)   -   OK
01 00 00 00 00 00 00 00 00 00 00 00 00 00 00 00  |  ................
00 00 00 00 00 00 00 00 00 00 00 00 00 00 00 00  |  ................
00 00 00 00 00 00 00 00 00 00 00 00 00 00 00 00  |  ................
00 00 00 00 00 00 00 00 00 00 00 00 00 00 00 00  |  ................
00 00 00 00 00 00 00 00 00 00 00 00 00 00 00 00  |  ................
00 00 00 00 00 00 00 00 00 00 00 00 00 00 00 00  |  ................
00 00 00 00 00 00 00 00 00 00 00 00 00 00 00 00  |  ................
00 00 00 00 00 00 00 00 00 00 00 00 00 00 00 00  |  ................

06862 (0x1ACE)   -   OK
00 00 00 00 00 00 00 00 00 00 00 00 00 00 00 00  |  ................
00 00 00 00 00 00 00 00 00 00 00 00 00 00 00 00  |  ................
00 00 00 00 00 00 00 00 00 00 00 00 00 00 00 00  |  ................
00 00 00 00 00 00 00 00 00 00 00 00 00 00 00 00  |  ................
00 00 00 00 00 00 00 00 00 00 00 00 00 00 00 00  |  ................
00 00 00 00 00 00 00 00 00 00 00 00 00 00 00 00  |  ................
00 00 00 00 00 00 00 00 00 00 00 00 00 00 00 00  |  ................
00 00 00 00 00 00 00 00 00 00 00 00 00 00 00 00  |  ................