[NV items]
[Complete items - 27, Items size - 128]

00010 (0x000A)   -   OK
00 04 00 00 00 00 00 00 00 00 00 00 00 00 00 00  |  ................
00 00 00 00 00 00 00 00 00 00 00 00 00 00 00 00  |  ................
00 00 00 00 00 00 00 00 00 00 00 00 00 00 00 00  |  ................
00 00 00 00 00 00 00 00 00 00 00 00 00 00 00 00  |  ................
00 00 00 00 00 00 00 00 00 00 00 00 00 00 00 00  |  ................
00 00 00 00 00 00 00 00 00 00 00 00 00 00 00 00  |  ................
00 00 00 00 00 00 00 00 00 00 00 00 00 00 00 00  |  ................
00 00 00 00 00 00 00 00 00 00 00 00 00 00 00 00  |  ................

00855 (0x0357)   -   OK
01 00 00 00 00 00 00 00 00 00 00 00 00 00 00 00  |  ................
00 00 00 00 00 00 00 00 00 00 00 00 00 00 00 00  |  ................
00 00 00 00 00 00 00 00 00 00 00 00 00 00 00 00  |  ................
00 00 00 00 00 00 00 00 00 00 00 00 00 00 00 00  |  ................
00 00 00 00 00 00 00 00 00 00 00 00 00 00 00 00  |  ................
00 00 00 00 00 00 00 00 00 00 00 00 00 00 00 00  |  ................
00 00 00 00 00 00 00 00 00 00 00 00 00 00 00 00  |  ................
00 00 00 00 00 00 00 00 00 00 00 00 00 00 00 00  |  ................

01907 (0x0773)   -   OK
00 00 00 00 00 00 00 00 00 00 00 00 00 00 00 00  |  ................
00 00 00 00 00 00 00 00 00 00 00 00 00 00 00 00  |  ................
00 00 00 00 00 00 00 00 00 00 00 00 00 00 00 00  |  ................
00 00 00 00 00 00 00 00 00 00 00 00 00 00 00 00  |  ................
00 00 00 00 00 00 00 00 00 00 00 00 00 00 00 00  |  ................
00 00 00 00 00 00 00 00 00 00 00 00 00 00 00 00  |  ................
00 00 00 00 00 00 00 00 00 00 00 00 00 00 00 00  |  ................
00 00 00 00 00 00 00 00 00 00 00 00 00 00 00 00  |  ................

06862 (0x1ACE)   -   OK
00 00 00 00 00 00 00 00 00 00 00 00 00 00 00 00  |  ................
00 00 00 00 00 00 00 00 00 00 00 00 00 00 00 00  |  ................
00 00 00 00 00 00 00 00 00 00 00 00 00 00 00 00  |  ................
00 00 00 00 00 00 00 00 00 00 00 00 00 00 00 00  |  ................
00 00 00 00 00 00 00 00 00 00 00 00 00 00 00 00  |  ................
00 00 00 00 00 00 00 00 00 00 00 00 00 00 00 00  |  ................
00 00 00 00 00 00 00 00 00 00 00 00 00 00 00 00  |  ................
00 00 00 00 00 00 00 00 00 00 00 00 00 00 00 00  |  ................