[NV items]
[Complete items - 23, Items size - 128]

06862 (0x1ACE)   -   OK
00 00 00 00 00 00 00 00 00 00 00 00 00 00 00 00  |  ................
00 00 00 00 00 00 00 00 00 00 00 00 00 00 00 00  |  ................
00 00 00 00 00 00 00 00 00 00 00 00 00 00 00 00  |  ................
00 00 00 00 00 00 00 00 00 00 00 00 00 00 00 00  |  ................
00 00 00 00 00 00 00 00 00 00 00 00 00 00 00 00  |  ................
00 00 00 00 00 00 00 00 00 00 00 00 00 00 00 00  |  ................
00 00 00 00 00 00 00 00 00 00 00 00 00 00 00 00  |  ................
00 00 00 00 00 00 00 00 00 00 00 00 00 00 00 00  |  ................

10124 (0x278C)   -   OK
01 00 00 00 00 00 00 00 00 00 00 00 00 00 00 00  |  ................
00 00 00 00 00 00 00 00 00 00 00 00 00 00 00 00  |  ................
00 00 00 00 00 00 00 00 00 00 00 00 00 00 00 00  |  ................
00 00 00 00 00 00 00 00 00 00 00 00 00 00 00 00  |  ................
00 00 00 00 00 00 00 00 00 00 00 00 00 00 00 00  |  ................
00 00 00 00 00 00 00 00 00 00 00 00 00 00 00 00  |  ................
00 00 00 00 00 00 00 00 00 00 00 00 00 00 00 00  |  ................
00 00 00 00 00 00 00 00 00 00 00 00 00 00 00 00  |  ................

10127 (0x278F)   -   OK
04 00 00 00 00 00 00 00 00 00 00 00 00 00 00 00  |  ................
00 00 00 00 00 00 00 00 00 00 00 00 00 00 00 00  |  ................
00 00 00 00 00 00 00 00 00 00 00 00 00 00 00 00  |  ................
00 00 00 00 00 00 00 00 00 00 00 00 00 00 00 00  |  ................
00 00 00 00 00 00 00 00 00 00 00 00 00 00 00 00  |  ................
00 00 00 00 00 00 00 00 00 00 00 00 00 00 00 00  |  ................
00 00 00 00 00 00 00 00 00 00 00 00 00 00 00 00  |  ................
00 00 00 00 00 00 00 00 00 00 00 00 00 00 00 00  |  ................

10131 (0x2793)   -   OK
00 00 00 00 00 00 00 00 00 00 00 00 00 00 00 00  |  ................
00 00 00 00 00 00 00 00 00 00 00 00 00 00 00 00  |  ................
00 00 00 00 00 00 00 00 00 00 00 00 00 00 00 00  |  ................
00 00 00 00 00 00 00 00 00 00 00 00 00 00 00 00  |  ................
00 00 00 00 00 00 00 00 00 00 00 00 00 00 00 00  |  ................
00 00 00 00 00 00 00 00 00 00 00 00 00 00 00 00  |  ................
00 00 00 00 00 00 00 00 00 00 00 00 00 00 00 00  |  ................
00 00 00 00 00 00 00 00 00 00 00 00 00 00 00 00  |  ................

10132 (0x2794)   -   OK
00 00 00 00 00 00 00 00 00 00 00 00 00 00 00 00  |  ................
00 00 00 00 00 00 00 00 00 00 00 00 00 00 00 00  |  ................
00 00 00 00 00 00 00 00 00 00 00 00 00 00 00 00  |  ................
00 00 00 00 00 00 00 00 00 00 00 00 00 00 00 00  |  ................
00 00 00 00 00 00 00 00 00 00 00 00 00 00 00 00  |  ................
00 00 00 00 00 00 00 00 00 00 00 00 00 00 00 00  |  ................
00 00 00 00 00 00 00 00 00 00 00 00 00 00 00 00  |  ................
00 00 00 00 00 00 00 00 00 00 00 00 00 00 00 00  |  ................

10154 (0x27AA)   -   OK
00 00 00 00 00 00 00 00 00 00 00 00 00 00 00 00  |  ................
00 00 00 00 00 00 00 00 00 00 00 00 00 00 00 00  |  ................
00 00 00 00 00 00 00 00 00 00 00 00 00 00 00 00  |  ................
00 00 00 00 00 00 00 00 00 00 00 00 00 00 00 00  |  ................
00 00 00 00 00 00 00 00 00 00 00 00 00 00 00 00  |  ................
00 00 00 00 00 00 00 00 00 00 00 00 00 00 00 00  |  ................
00 00 00 00 00 00 00 00 00 00 00 00 00 00 00 00  |  ................
00 00 00 00 00 00 00 00 00 00 00 00 00 00 00 00  |  ................

10155 (0x27AB)   -   OK
00 00 00 00 00 00 00 00 00 00 00 00 00 00 00 00  |  ................
00 00 00 00 00 00 00 00 00 00 00 00 00 00 00 00  |  ................
00 00 00 00 00 00 00 00 00 00 00 00 00 00 00 00  |  ................
00 00 00 00 00 00 00 00 00 00 00 00 00 00 00 00  |  ................
00 00 00 00 00 00 00 00 00 00 00 00 00 00 00 00  |  ................
00 00 00 00 00 00 00 00 00 00 00 00 00 00 00 00  |  ................
00 00 00 00 00 00 00 00 00 00 00 00 00 00 00 00  |  ................
00 00 00 00 00 00 00 00 00 00 00 00 00 00 00 00  |  ................

10156 (0x27AC)   -   OK
00 00 00 00 00 00 00 00 00 00 00 00 00 00 00 00  |  ................
00 00 00 00 00 00 00 00 00 00 00 00 00 00 00 00  |  ................
00 00 00 00 00 00 00 00 00 00 00 00 00 00 00 00  |  ................
00 00 00 00 00 00 00 00 00 00 00 00 00 00 00 00  |  ................
00 00 00 00 00 00 00 00 00 00 00 00 00 00 00 00  |  ................
00 00 00 00 00 00 00 00 00 00 00 00 00 00 00 00  |  ................
00 00 00 00 00 00 00 00 00 00 00 00 00 00 00 00  |  ................
00 00 00 00 00 00 00 00 00 00 00 00 00 00 00 00  |  ................

10157 (0x27AD)   -   OK
00 00 00 00 00 00 00 00 00 00 00 00 00 00 00 00  |  ................
00 00 00 00 00 00 00 00 00 00 00 00 00 00 00 00  |  ................
00 00 00 00 00 00 00 00 00 00 00 00 00 00 00 00  |  ................
00 00 00 00 00 00 00 00 00 00 00 00 00 00 00 00  |  ................
00 00 00 00 00 00 00 00 00 00 00 00 00 00 00 00  |  ................
00 00 00 00 00 00 00 00 00 00 00 00 00 00 00 00  |  ................
00 00 00 00 00 00 00 00 00 00 00 00 00 00 00 00  |  ................
00 00 00 00 00 00 00 00 00 00 00 00 00 00 00 00  |  ................

10166 (0x27B6)   -   OK
AE BB 02 00 00 00 00 00 D7 0C 1F 00 00 00 00 00  |  ®»......×.......
00 00 00 00 00 00 00 00 00 00 00 00 00 00 00 00  |  ................
00 00 00 00 00 00 00 00 00 00 00 00 00 00 00 00  |  ................
00 00 00 00 00 00 00 00 00 00 00 00 00 00 00 00  |  ................
00 00 00 00 00 00 00 00 00 00 00 00 00 00 00 00  |  ................
00 00 00 00 00 00 00 00 00 00 00 00 00 00 00 00  |  ................
00 00 00 00 00 00 00 00 00 00 00 00 00 00 00 00  |  ................
00 00 00 00 00 00 00 00 00 00 00 00 00 00 00 00  |  ................

10173 (0x27BD)   -   OK
00 00 00 00 00 00 00 00 00 00 00 00 00 00 00 00  |  ................
00 00 00 00 00 00 00 00 00 00 00 00 00 00 00 00  |  ................
00 00 00 00 00 00 00 00 00 00 00 00 00 00 00 00  |  ................
00 00 00 00 00 00 00 00 00 00 00 00 00 00 00 00  |  ................
00 00 00 00 00 00 00 00 00 00 00 00 00 00 00 00  |  ................
00 00 00 00 00 00 00 00 00 00 00 00 00 00 00 00  |  ................
00 00 00 00 00 00 00 00 00 00 00 00 00 00 00 00  |  ................
00 00 00 00 00 00 00 00 00 00 00 00 00 00 00 00  |  ................

10183 (0x27C7)   -   OK
FF 00 00 00 00 00 00 00 00 00 00 00 00 00 00 00  |  ÿ...............
00 00 00 00 00 00 00 00 00 00 00 00 00 00 00 00  |  ................
00 00 00 00 00 00 00 00 00 00 00 00 00 00 00 00  |  ................
00 00 00 00 00 00 00 00 00 00 00 00 00 00 00 00  |  ................
00 00 00 00 00 00 00 00 00 00 00 00 00 00 00 00  |  ................
00 00 00 00 00 00 00 00 00 00 00 00 00 00 00 00  |  ................
00 00 00 00 00 00 00 00 00 00 00 00 00 00 00 00  |  ................
00 00 00 00 00 00 00 00 00 00 00 00 00 00 00 00  |  ................

10212 (0x27E4)   -   OK
00 00 00 00 00 00 00 00 00 00 00 00 00 00 00 00  |  ................
00 00 00 00 00 00 00 00 00 00 00 00 00 00 00 00  |  ................
00 00 00 00 00 00 00 00 00 00 00 00 00 00 00 00  |  ................
00 00 00 00 00 00 00 00 00 00 00 00 00 00 00 00  |  ................
00 00 00 00 00 00 00 00 00 00 00 00 00 00 00 00  |  ................
00 00 00 00 00 00 00 00 00 00 00 00 00 00 00 00  |  ................
00 00 00 00 00 00 00 00 00 00 00 00 00 00 00 00  |  ................
00 00 00 00 00 00 00 00 00 00 00 00 00 00 00 00  |  ................

10213 (0x27E5)   -   OK
00 00 00 00 00 00 00 00 00 00 00 00 00 00 00 00  |  ................
00 00 00 00 00 00 00 00 00 00 00 00 00 00 00 00  |  ................
00 00 00 00 00 00 00 00 00 00 00 00 00 00 00 00  |  ................
00 00 00 00 00 00 00 00 00 00 00 00 00 00 00 00  |  ................
00 00 00 00 00 00 00 00 00 00 00 00 00 00 00 00  |  ................
00 00 00 00 00 00 00 00 00 00 00 00 00 00 00 00  |  ................
00 00 00 00 00 00 00 00 00 00 00 00 00 00 00 00  |  ................
00 00 00 00 00 00 00 00 00 00 00 00 00 00 00 00  |  ................

10226 (0x27F2)   -   OK
00 00 00 00 00 00 00 00 00 00 00 00 00 00 00 00  |  ................
00 00 00 00 00 00 00 00 00 00 00 00 00 00 00 00  |  ................
00 00 00 00 00 00 00 00 00 00 00 00 00 00 00 00  |  ................
00 00 00 00 00 00 00 00 00 00 00 00 00 00 00 00  |  ................
00 00 00 00 00 00 00 00 00 00 00 00 00 00 00 00  |  ................
00 00 00 00 00 00 00 00 00 00 00 00 00 00 00 00  |  ................
00 00 00 00 00 00 00 00 00 00 00 00 00 00 00 00  |  ................
00 00 00 00 00 00 00 00 00 00 00 00 00 00 00 00  |  ................

10297 (0x2839)   -   OK
00 00 00 00 00 00 00 00 00 00 00 00 00 00 00 00  |  ................
00 00 00 00 00 00 00 00 00 00 00 00 00 00 00 00  |  ................
00 00 00 00 00 00 00 00 00 00 00 00 00 00 00 00  |  ................
00 00 00 00 00 00 00 00 00 00 00 00 00 00 00 00  |  ................
00 00 00 00 00 00 00 00 00 00 00 00 00 00 00 00  |  ................
00 00 00 00 00 00 00 00 00 00 00 00 00 00 00 00  |  ................
00 00 00 00 00 00 00 00 00 00 00 00 00 00 00 00  |  ................
00 00 00 00 00 00 00 00 00 00 00 00 00 00 00 00  |  ................

10301 (0x283D)   -   OK
14 00 14 00 05 00 05 00 05 00 05 00 05 00 05 00  |  ................
05 00 05 00 06 00 06 00 06 00 06 00 06 00 06 00  |  ................
00 00 00 00 00 00 00 00 00 00 00 00 00 00 00 00  |  ................
00 00 00 00 00 00 00 00 00 00 00 00 00 00 00 00  |  ................
00 00 00 00 00 00 00 00 00 00 00 00 00 00 00 00  |  ................
00 00 00 00 00 00 00 00 00 00 00 00 00 00 00 00  |  ................
00 00 00 00 00 00 00 00 00 00 00 00 00 00 00 00  |  ................
00 00 00 00 00 00 00 00 00 00 00 00 00 00 00 00  |  ................

10302 (0x283E)   -   OK
14 00 14 00 14 00 14 00 14 00 0F 00 0F 00 0F 00  |  ................
0F 00 0F 00 0A 00 0A 00 0A 00 0A 00 0A 00 0A 00  |  ................
00 00 00 00 00 00 00 00 00 00 00 00 00 00 00 00  |  ................
00 00 00 00 00 00 00 00 00 00 00 00 00 00 00 00  |  ................
00 00 00 00 00 00 00 00 00 00 00 00 00 00 00 00  |  ................
00 00 00 00 00 00 00 00 00 00 00 00 00 00 00 00  |  ................
00 00 00 00 00 00 00 00 00 00 00 00 00 00 00 00  |  ................
00 00 00 00 00 00 00 00 00 00 00 00 00 00 00 00  |  ................

10304 (0x2840)   -   OK
14 00 14 00 05 00 05 00 05 00 05 00 05 00 05 00  |  ................
05 00 05 00 06 00 06 00 06 00 06 00 06 00 06 00  |  ................
00 00 00 00 00 00 00 00 00 00 00 00 00 00 00 00  |  ................
00 00 00 00 00 00 00 00 00 00 00 00 00 00 00 00  |  ................
00 00 00 00 00 00 00 00 00 00 00 00 00 00 00 00  |  ................
00 00 00 00 00 00 00 00 00 00 00 00 00 00 00 00  |  ................
00 00 00 00 00 00 00 00 00 00 00 00 00 00 00 00  |  ................
00 00 00 00 00 00 00 00 00 00 00 00 00 00 00 00  |  ................

10305 (0x2841)   -   OK
14 00 14 00 14 00 14 00 14 00 0F 00 0F 00 0F 00  |  ................
0F 00 0F 00 0A 00 0A 00 0A 00 0A 00 0A 00 0A 00  |  ................
00 00 00 00 00 00 00 00 00 00 00 00 00 00 00 00  |  ................
00 00 00 00 00 00 00 00 00 00 00 00 00 00 00 00  |  ................
00 00 00 00 00 00 00 00 00 00 00 00 00 00 00 00  |  ................
00 00 00 00 00 00 00 00 00 00 00 00 00 00 00 00  |  ................
00 00 00 00 00 00 00 00 00 00 00 00 00 00 00 00  |  ................
00 00 00 00 00 00 00 00 00 00 00 00 00 00 00 00  |  ................

10323 (0x2853)   -   OK
00 00 00 00 00 00 00 00 00 00 00 00 00 00 00 00  |  ................
00 00 00 00 00 00 00 00 00 00 00 00 00 00 00 00  |  ................
00 00 00 00 00 00 00 00 00 00 00 00 00 00 00 00  |  ................
00 00 00 00 00 00 00 00 00 00 00 00 00 00 00 00  |  ................
00 00 00 00 00 00 00 00 00 00 00 00 00 00 00 00  |  ................
00 00 00 00 00 00 00 00 00 00 00 00 00 00 00 00  |  ................
00 00 00 00 00 00 00 00 00 00 00 00 00 00 00 00  |  ................
00 00 00 00 00 00 00 00 00 00 00 00 00 00 00 00  |  ................

10324 (0x2854)   -   OK
00 00 00 00 00 00 00 00 00 00 00 00 00 00 00 00  |  ................
00 00 00 00 00 00 00 00 00 00 00 00 00 00 00 00  |  ................
00 00 00 00 00 00 00 00 00 00 00 00 00 00 00 00  |  ................
00 00 00 00 00 00 00 00 00 00 00 00 00 00 00 00  |  ................
00 00 00 00 00 00 00 00 00 00 00 00 00 00 00 00  |  ................
00 00 00 00 00 00 00 00 00 00 00 00 00 00 00 00  |  ................
00 00 00 00 00 00 00 00 00 00 00 00 00 00 00 00  |  ................
00 00 00 00 00 00 00 00 00 00 00 00 00 00 00 00  |  ................

10330 (0x285A)   -   OK
01 00 00 00 00 00 00 00 00 00 00 00 00 00 00 00  |  ................
00 00 00 00 00 00 00 00 00 00 00 00 00 00 00 00  |  ................
00 00 00 00 00 00 00 00 00 00 00 00 00 00 00 00  |  ................
00 00 00 00 00 00 00 00 00 00 00 00 00 00 00 00  |  ................
00 00 00 00 00 00 00 00 00 00 00 00 00 00 00 00  |  ................
00 00 00 00 00 00 00 00 00 00 00 00 00 00 00 00  |  ................
00 00 00 00 00 00 00 00 00 00 00 00 00 00 00 00  |  ................
00 00 00 00 00 00 00 00 00 00 00 00 00 00 00 00  |  ................